2 0.359 0.22666666666666666 0.082 0.10133333333333333
2 0.568 0.25333333333333335 0.152 0.30933333333333335
2 0.673 0.308 0.102 0.34933333333333333
2 0.769 0.296 0.098 0.29333333333333333
2 0.97 0.33466666666666667 0.06 0.33866666666666667
1 0.322 0.5853333333333334 0.596 0.7173333333333334
2 0.217 0.29333333333333333 0.03 0.10133333333333333
2 0.241 0.28933333333333333 0.026 0.10933333333333334
2 0.037 0.2906666666666667 0.022 0.10666666666666667
2 0.025 0.30533333333333335 0.022 0.09333333333333334
2 0.011 0.32133333333333336 0.018 0.06666666666666667
