2 0.512 0.6906666666666667 0.332 0.5653333333333334
2 0.717 0.7933333333333333 0.262 0.41333333333333333
2 0.541 0.7706666666666667 0.262 0.45866666666666667
2 0.143 0.644 0.246 0.68
2 0.225 0.6386666666666667 0.202 0.584
2 0.357 0.37466666666666665 0.07 0.13066666666666665
2 0.671 0.488 0.17 0.368
2 0.679 0.3546666666666667 0.114 0.25066666666666665
2 0.351 0.652 0.226 0.6586666666666666
2 0.316 0.30133333333333334 0.072 0.12266666666666666
2 0.446 0.356 0.06 0.2
2 0.564 0.4093333333333333 0.148 0.31733333333333336
2 0.595 0.30533333333333335 0.034 0.09333333333333334
