1 0.958 0.6381381381381381 0.084 0.2012012012012012
1 0.159 0.6591591591591591 0.162 0.36936936936936937
1 0.034 0.7462462462462462 0.06 0.24924924924924924
1 0.319 0.7852852852852853 0.362 0.4294294294294294
1 0.714 0.7732732732732732 0.5 0.45345345345345345
2 0.037 0.6696696696696697 0.07 0.6186186186186187
2 0.049 0.5375375375375375 0.066 0.2822822822822823
2 0.659 0.46396396396396394 0.046 0.12912912912912913
2 0.682 0.46546546546546547 0.028 0.09009009009009009
2 0.312 0.6876876876876877 0.308 0.6246246246246246
2 0.736 0.7117117117117117 0.196 0.5765765765765766
2 0.559 0.5825825825825826 0.13 0.3183183183183183
