1 0.864 0.6093333333333333 0.068 0.15733333333333333
1 0.736 0.608 0.112 0.19733333333333333
2 0.603 0.624 0.126 0.3253333333333333
2 0.275 0.5893333333333334 0.066 0.26666666666666666
2 0.318 0.5213333333333333 0.052 0.14133333333333334
2 0.361 0.5253333333333333 0.054 0.12266666666666666
2 0.39 0.5293333333333333 0.028 0.10933333333333334
2 0.493 0.5226666666666666 0.046 0.12266666666666666
2 0.539 0.5106666666666667 0.058 0.12
1 0.5 0.66 0.172 0.248
1 0.346 0.6946666666666667 0.184 0.2906666666666667
1 0.18 0.696 0.116 0.29333333333333333
2 0.441 0.5746666666666667 0.066 0.24266666666666667
