0 0.627 0.7106666666666667 0.126 0.296
0 0.42 0.832 0.132 0.2986666666666667
0 0.301 0.748 0.102 0.2853333333333333
0 0.925 0.428 0.05 0.09866666666666667
0 0.706 0.37733333333333335 0.024 0.056
0 0.339 0.31333333333333335 0.018 0.04533333333333334
0 0.437 0.31066666666666665 0.05 0.04
0 0.617 0.33466666666666667 0.026 0.06133333333333333
2 0.429 0.6893333333333334 0.158 0.504
2 0.627 0.6106666666666667 0.11 0.3893333333333333
2 0.305 0.6266666666666667 0.13 0.448
2 0.928 0.3893333333333333 0.048 0.13866666666666666
2 0.711 0.336 0.034 0.096
2 0.62 0.31066666666666665 0.028 0.07733333333333334
2 0.342 0.284 0.028 0.08266666666666667
2 0.438 0.2866666666666667 0.036 0.072
