2 0.791 0.712 0.042 0.16533333333333333
2 0.675 0.7186666666666667 0.034 0.13066666666666665
2 0.729 0.716 0.046 0.15733333333333333
2 0.736 0.7053333333333334 0.048 0.136
2 0.967 0.6613333333333333 0.014 0.048
2 0.949 0.6573333333333333 0.014 0.056
2 0.939 0.656 0.014 0.048
2 0.919 0.6546666666666666 0.018 0.050666666666666665
2 0.927 0.6586666666666666 0.01 0.048
2 0.884 0.6533333333333333 0.012 0.042666666666666665
2 0.876 0.6533333333333333 0.012 0.042666666666666665
2 0.858 0.656 0.012 0.037333333333333336
2 0.83 0.6573333333333333 0.012 0.04533333333333334
2 0.838 0.652 0.012 0.04
2 0.843 0.6533333333333333 0.006 0.032
2 0.848 0.652 0.008 0.04
2 0.771 0.6466666666666666 0.014 0.04
2 0.756 0.644 0.012 0.034666666666666665
