0 0.711 0.1891891891891892 0.022 0.07807807807807808
0 0.874 0.21021021021021022 0.024 0.0960960960960961
0 0.654 0.7447447447447447 0.288 0.5105105105105106
0 0.057 0.8393393393393394 0.11 0.3213213213213213
0 0.083 0.8018018018018018 0.162 0.3963963963963964
2 0.035 0.6696696696696697 0.066 0.6606606606606606
2 0.058 0.5255255255255256 0.112 0.5645645645645646
2 0.673 0.5525525525525525 0.23 0.8228228228228228
2 0.713 0.16066066066066065 0.022 0.06906906906906907
2 0.735 0.16216216216216217 0.026 0.11411411411411411
2 0.871 0.16966966966966968 0.026 0.09309309309309309
2 0.892 0.15765765765765766 0.024 0.1111111111111111
2 0.966 0.13963963963963963 0.032 0.08708708708708708
