4 0.897 0.5693333333333334 0.206 0.07733333333333334
2 0.63 0.708 0.036 0.11466666666666667
2 0.572 0.7186666666666667 0.024 0.08266666666666667
2 0.541 0.7133333333333334 0.022 0.088
2 0.345 0.7093333333333334 0.034 0.10666666666666667
2 0.032 0.7706666666666667 0.06 0.2986666666666667
2 0.986 0.716 0.028 0.15733333333333333
2 0.522 0.6986666666666667 0.024 0.07466666666666667
2 0.129 0.692 0.018 0.08266666666666667
2 0.405 0.6893333333333334 0.018 0.056
2 0.388 0.6826666666666666 0.02 0.06933333333333333
2 0.452 0.6826666666666666 0.02 0.058666666666666666
2 0.25 0.68 0.02 0.064
2 0.113 0.6946666666666667 0.022 0.088
2 0.091 0.6786666666666666 0.018 0.06133333333333333
