2 0.055 0.6841317365269461 0.106 0.6317365269461078
2 0.615 0.6452095808383234 0.234 0.7095808383233533
2 0.377 0.6736526946107785 0.414 0.6526946107784432
2 0.312 0.49101796407185627 0.112 0.2874251497005988
2 0.812 0.5179640718562875 0.12 0.4550898203592814
2 0.946 0.6332335329341318 0.108 0.38622754491017963
2 0.93 0.561377245508982 0.14 0.5538922155688623
0 0.147 0.874251497005988 0.29 0.25149700598802394
0 0.459 0.8368263473053892 0.558 0.3263473053892216
0 0.687 0.8862275449101796 0.598 0.2275449101796407
