2 0.152 0.5339168490153173 0.28 0.8577680525164114
2 0.374 0.5196936542669585 0.272 0.899343544857768
2 0.569 0.5120350109409191 0.286 0.9190371991247265
2 0.827 0.5065645514223195 0.302 0.9299781181619255
1 0.185 0.563457330415755 0.314 0.5098468271334792
1 0.447 0.6323851203501094 0.286 0.34573304157549234
1 0.727 0.562363238512035 0.134 0.4638949671772429
1 0.961 0.5547045951859956 0.078 0.4923413566739606
2 0.976 0.3161925601750547 0.048 0.15973741794310722
2 0.027 0.4037199124726477 0.05 0.2735229759299781
