0 0.902 0.5225225225225225 0.172 0.18618618618618618
0 0.701 0.536036036036036 0.206 0.1831831831831832
0 0.495 0.539039039039039 0.17 0.21921921921921922
0 0.255 0.5420420420420421 0.15 0.15315315315315314
0 0.272 0.5900900900900901 0.164 0.19519519519519518
0 0.412 0.7252252252252253 0.228 0.2672672672672673
0 0.177 0.6636636636636637 0.106 0.21621621621621623
2 0.748 0.566066066066066 0.092 0.2012012012012012
2 0.642 0.575075075075075 0.104 0.19519519519519518
2 0.34 0.4804804804804805 0.092 0.3783783783783784
2 0.365 0.6231231231231231 0.142 0.47147147147147145
2 0.132 0.3633633633633634 0.028 0.07207207207207207
2 0.061 0.3963963963963964 0.042 0.13213213213213212
2 0.032 0.5330330330330331 0.06 0.4594594594594595
0 0.261 0.5885885885885885 0.142 0.18618618618618618
0 0.165 0.5900900900900901 0.078 0.1831831831831832
0 0.171 0.6591591591591591 0.102 0.23123123123123124
2 0.062 0.34384384384384387 0.032 0.07507507507507508
2 0.011 0.33933933933933935 0.018 0.07207207207207207
